images\1.jpg 0 350 174 405 237
images\1.jpg 1 336 381 422 445
images\1.jpg 2 222 260 291 316
images\2.jpg 0 373 246 439 301
images\2.jpg 1 269 384 341 446
images\2.jpg 2 225 246 283 314
images\3.jpg 0 257 141 318 199
images\3.jpg 1 273 386 355 448
images\3.jpg 2 216 249 292 321
images\4.jpg 0 246 137 323 187
images\4.jpg 1 322 237 403 309
images\4.jpg 2 206 327 266 392
images\5.jpg 0 242 189 318 247
images\5.jpg 1 305 358 376 429
images\5.jpg 2 156 285 225 353
images\6.jpg 0 179 389 252 446
images\6.jpg 1 335 248 401 319
images\6.jpg 2 216 234 270 296
images\7.jpg 0 148 290 218 353
images\7.jpg 1 330 352 392 410
images\7.jpg 2 203 190 261 242
images\8.jpg 0 256 206 330 276
images\8.jpg 1 218 338 285 415
images\8.jpg 2 348 264 404 333
images\9.jpg 0 231 206 313 268
images\9.jpg 1 292 322 363 382
images\9.jpg 2 361 209 437 271
images\10.jpg 0 241 213 303 260
images\10.jpg 1 298 333 362 376
images\10.jpg 2 379 223 436 263
images\11.jpg 0 313 179 383 245
images\11.jpg 1 276 315 355 377
images\11.jpg 2 162 287 231 339
images\12.jpg 0 370 222 434 273
images\12.jpg 1 277 241 334 293
images\12.jpg 2 292 352 360 411
images\13.jpg 0 398 313 478 376
images\13.jpg 1 280 241 335 295
images\13.jpg 2 377 149 438 199
images\14.jpg 0 275 299 350 361
images\14.jpg 1 408 246 472 310
images\14.jpg 2 278 177 336 232
images\15.jpg 0 363 243 421 302
images\15.jpg 1 215 304 284 359
images\15.jpg 2 275 179 334 234
images\16.jpg 0 194 309 275 367
images\16.jpg 1 332 287 397 354
images\16.jpg 2 276 201 333 248
images\17.jpg 0 380 259 452 320
images\17.jpg 1 225 351 298 402
images\17.jpg 2 274 199 337 250
images\18.jpg 0 256 336 324 404
images\18.jpg 1 356 281 425 338
images\18.jpg 2 124 254 196 312
images\19.jpg 0 242 202 305 253
images\19.jpg 1 280 348 347 409
images\19.jpg 2 129 254 189 310
images\20.jpg 0 338 212 402 262
images\20.jpg 1 278 352 334 411
images\20.jpg 2 124 253 198 315
images\21.jpg 0 187 275 262 344
images\21.jpg 1 292 331 345 385
images\21.jpg 2 266 164 320 218
images\22.jpg 0 342 249 402 312
images\22.jpg 1 267 373 318 435
images\22.jpg 2 290 192 337 236
images\23.jpg 0 148 276 224 335
images\23.jpg 1 318 330 383 386
images\23.jpg 2 285 180 342 241
images\24.jpg 0 182 186 259 256
images\24.jpg 1 350 298 414 346
images\24.jpg 2 202 324 267 397
images\25.jpg 0 293 122 347 173
images\25.jpg 1 344 268 412 340
images\25.jpg 2 215 242 278 305
images\26.jpg 0 222 319 296 388
images\26.jpg 1 380 310 453 383
images\26.jpg 2 290 207 365 273
images\27.jpg 0 295 210 368 277
images\27.jpg 1 208 362 275 420
images\27.jpg 2 194 193 255 235
images\28.jpg 0 304 330 373 388
images\28.jpg 1 210 356 279 423
images\28.jpg 2 200 190 258 246
images\29.jpg 0 307 333 380 391
images\29.jpg 1 355 174 415 221
images\29.jpg 2 203 188 256 239
images\30.jpg 0 401 270 461 324
images\30.jpg 1 290 227 350 280
images\30.jpg 2 232 142 290 186
images\31.jpg 0 192 309 271 379
images\31.jpg 1 310 255 373 308
images\31.jpg 2 131 212 212 268
images\32.jpg 0 207 310 276 370
images\32.jpg 1 312 244 370 320
images\32.jpg 2 366 121 429 175
images\33.jpg 0 168 203 243 276
images\33.jpg 1 237 348 312 415
images\33.jpg 2 322 220 386 270
images\34.jpg 0 177 203 244 279
images\34.jpg 1 359 274 415 332
images\34.jpg 2 214 346 282 415
images\35.jpg 0 172 204 236 257
images\35.jpg 1 230 326 295 387
images\35.jpg 2 300 217 364 270
images\36.jpg 0 392 332 470 378
images\36.jpg 1 236 324 291 381
images\36.jpg 2 307 222 360 263
images\37.jpg 0 332 388 390 447
images\37.jpg 1 234 325 297 387
images\37.jpg 2 307 217 356 268
images\38.jpg 0 210 373 276 423
images\38.jpg 1 188 199 242 245
images\38.jpg 2 305 217 363 263
images\39.jpg 0 293 280 351 341
images\39.jpg 1 184 203 241 244
images\39.jpg 2 189 360 252 416
images\40.jpg 0 227 356 306 413
images\40.jpg 1 187 205 241 252
images\40.jpg 2 286 242 349 289
images\41.jpg 0 223 219 283 265
images\41.jpg 1 168 319 234 376
images\41.jpg 2 298 349 366 403
images\42.jpg 0 294 256 348 305
images\42.jpg 1 172 319 229 377
images\42.jpg 2 254 385 318 437
images\43.jpg 0 182 266 248 321
images\43.jpg 1 285 274 341 324
images\43.jpg 2 258 381 313 441
images\44.jpg 0 186 265 246 316
images\44.jpg 1 282 274 346 330
images\44.jpg 2 382 265 438 305
images\45.jpg 0 189 264 241 322
images\45.jpg 1 289 227 345 295
images\45.jpg 2 250 356 318 421
images\46.jpg 0 183 285 243 347
images\46.jpg 1 270 209 325 261
images\46.jpg 2 308 299 373 368
images\47.jpg 0 176 285 249 345
images\47.jpg 1 284 344 351 403
images\47.jpg 2 327 204 389 257
images\48.jpg 0 295 189 357 242
images\48.jpg 1 322 340 396 401
images\48.jpg 2 219 278 291 330
images\49.jpg 0 359 307 427 362
images\49.jpg 1 203 400 277 461
images\49.jpg 2 223 279 281 328
images\50.jpg 0 238 287 300 340
images\50.jpg 1 204 390 273 464
images\50.jpg 2 254 168 324 228
images\51.jpg 0 334 301 407 371
images\51.jpg 1 169 317 257 375
images\51.jpg 2 240 239 300 303
images\52.jpg 0 252 372 314 442
images\52.jpg 1 204 227 271 276
images\52.jpg 2 297 252 365 316
images\53.jpg 0 269 333 322 376
images\53.jpg 1 288 212 336 258
images\53.jpg 2 366 261 417 307
images\54.jpg 0 263 325 327 382
images\54.jpg 1 355 244 407 291
images\54.jpg 2 369 371 428 414
images\55.jpg 0 384 368 451 422
images\55.jpg 1 328 262 368 310
images\55.jpg 2 257 351 304 405
images\56.jpg 0 326 397 384 453
images\56.jpg 1 310 211 357 260
images\56.jpg 2 263 288 309 334
images\57.jpg 0 242 320 306 382
images\57.jpg 1 313 250 374 299
images\57.jpg 2 325 406 389 464
images\58.jpg 0 299 238 358 279
images\58.jpg 1 164 316 218 356
images\58.jpg 2 255 385 299 424
images\59.jpg 0 266 372 321 421
images\59.jpg 1 206 266 250 309
images\59.jpg 2 306 239 350 271
images\60.jpg 0 378 188 436 238
images\60.jpg 1 270 308 328 359
images\60.jpg 2 261 224 312 266
images\61.jpg 0 218 305 288 361
images\61.jpg 1 336 302 398 361
images\61.jpg 2 262 201 313 253
images\62.jpg 0 369 262 423 321
images\62.jpg 1 235 354 299 397
images\62.jpg 2 267 207 313 246
images\63.jpg 0 250 354 309 417
images\63.jpg 1 365 265 424 323
images\63.jpg 2 264 207 317 250
images\64.jpg 0 383 263 450 315
images\64.jpg 1 243 349 300 405
images\64.jpg 2 281 203 333 243
images\65.jpg 0 243 332 303 388
images\65.jpg 1 383 300 442 358
images\65.jpg 2 284 201 331 248
images\66.jpg 0 389 275 450 333
images\66.jpg 1 258 324 304 366
images\66.jpg 2 288 202 332 243
images\67.jpg 0 242 315 306 385
images\67.jpg 1 397 291 450 348
images\67.jpg 2 278 199 340 250
images\68.jpg 0 407 272 456 328
images\68.jpg 1 257 316 315 386
images\68.jpg 2 283 204 336 245
images\69.jpg 0 200 325 268 383
images\69.jpg 1 362 271 432 340
images\69.jpg 2 285 201 331 248
images\70.jpg 0 352 275 396 320
images\70.jpg 1 236 187 291 237
images\70.jpg 2 256 344 315 400
images\71.jpg 0 205 331 266 392
images\71.jpg 1 234 186 282 235
images\71.jpg 2 372 264 421 322
images\72.jpg 0 358 193 415 253
images\72.jpg 1 206 311 270 373
images\72.jpg 2 356 341 426 413
images\73.jpg 0 220 208 264 257
images\73.jpg 1 338 249 370 279
images\73.jpg 2 357 359 402 416
images\74.jpg 0 265 291 328 346
images\74.jpg 1 367 212 410 253
images\74.jpg 2 360 387 425 436
images\75.jpg 0 250 217 309 273
images\75.jpg 1 352 209 402 258
images\75.jpg 2 318 355 376 415
images\76.jpg 0 256 222 309 277
images\76.jpg 1 217 354 279 414
images\76.jpg 2 403 323 462 374
images\77.jpg 0 216 203 273 245
images\77.jpg 1 242 350 307 411
images\77.jpg 2 323 415 380 472
images\78.jpg 0 209 286 270 345
images\78.jpg 1 295 251 347 299
images\78.jpg 2 346 355 400 419
images\79.jpg 0 253 181 310 231
images\79.jpg 1 222 270 279 327
images\79.jpg 2 304 349 366 404
images\80.jpg 0 227 275 280 316
images\80.jpg 1 319 207 362 254
images\80.jpg 2 386 316 429 367
images\81.jpg 0 276 195 333 243
images\81.jpg 1 230 291 277 344
images\81.jpg 2 339 298 394 347
images\82.jpg 0 265 316 330 367
images\82.jpg 1 265 208 317 243
images\82.jpg 2 370 253 421 293
images\83.jpg 0 371 258 423 299
images\83.jpg 1 267 207 319 245
images\83.jpg 2 246 320 305 371
images\84.jpg 0 218 380 301 438
images\84.jpg 1 266 205 323 246
images\84.jpg 2 251 260 303 311
images\85.jpg 0 233 322 291 383
images\85.jpg 1 267 202 317 248
images\85.jpg 2 372 276 430 330
images\86.jpg 0 190 252 250 312
images\86.jpg 1 280 195 338 252
images\86.jpg 2 261 341 315 389
images\87.jpg 0 374 252 432 301
images\87.jpg 1 281 204 327 251
images\87.jpg 2 264 340 312 387
images\88.jpg 0 274 358 326 418
images\88.jpg 1 281 207 326 245
images\88.jpg 2 380 210 430 254
images\89.jpg 0 274 363 324 415
images\89.jpg 1 279 209 325 242
images\89.jpg 2 385 298 424 334
images\90.jpg 0 188 281 259 340
images\90.jpg 1 277 205 332 252
images\90.jpg 2 360 333 418 393
images\91.jpg 0 379 204 432 239
images\91.jpg 1 278 207 339 254
images\91.jpg 2 369 338 416 383
images\92.jpg 0 372 213 440 275
images\92.jpg 1 338 375 403 443
images\92.jpg 2 210 316 272 370
images\93.jpg 0 286 220 343 277
images\93.jpg 1 330 294 386 350
images\93.jpg 2 227 280 279 335
images\94.jpg 0 233 340 307 402
images\94.jpg 1 335 285 390 342
images\94.jpg 2 230 219 277 268
images\95.jpg 0 276 305 349 368
images\95.jpg 1 376 291 430 343
images\95.jpg 2 168 314 224 357
images\96.jpg 0 397 262 450 310
images\96.jpg 1 281 286 339 333
images\96.jpg 2 161 309 224 351
images\97.jpg 0 270 267 342 328
images\97.jpg 1 404 247 455 309
images\97.jpg 2 165 312 224 359
images\98.jpg 0 386 245 445 288
images\98.jpg 1 298 279 353 325
images\98.jpg 2 168 310 217 355
images\99.jpg 0 308 309 371 363
images\99.jpg 1 275 197 325 236
images\99.jpg 2 168 314 218 351
images\100.jpg 0 310 309 363 358
images\100.jpg 1 277 185 326 224
images\100.jpg 2 400 235 451 283
images\101.jpg 0 306 306 370 362
images\101.jpg 1 275 179 327 229
images\101.jpg 2 188 305 247 355
images\102.jpg 0 300 310 372 368
images\102.jpg 1 270 186 329 230
images\102.jpg 2 185 306 249 365
images\103.jpg 0 216 249 282 299
images\103.jpg 1 124 348 202 419
images\103.jpg 2 317 329 376 380
images\104.jpg 0 215 249 281 300
images\104.jpg 1 180 336 246 390
images\104.jpg 2 296 342 366 402
images\105.jpg 0 310 291 366 349
images\105.jpg 1 84 316 148 373
images\105.jpg 2 17 386 97 464
images\106.jpg 0 218 372 294 429
images\106.jpg 1 208 283 265 333
images\106.jpg 2 115 402 190 476
images\107.jpg 0 397 310 464 371
images\107.jpg 1 207 281 266 334
images\107.jpg 2 85 350 166 414
images\108.jpg 0 105 374 186 435
images\108.jpg 1 205 278 265 336
images\108.jpg 2 331 335 410 408
images\109.jpg 0 206 230 271 289
images\109.jpg 1 279 191 332 242
images\109.jpg 2 343 310 414 366
images\110.jpg 0 207 231 271 283
images\110.jpg 1 275 195 334 240
images\110.jpg 2 66 275 145 327
images\111.jpg 0 7 353 93 409
images\111.jpg 1 183 276 250 337
images\111.jpg 2 51 267 139 331
images\112.jpg 0 208 325 274 380
images\112.jpg 1 362 259 437 315
images\112.jpg 2 233 201 307 252
images\113.jpg 0 195 321 273 384
images\113.jpg 1 48 254 118 315
images\113.jpg 2 235 195 302 247
images\114.jpg 0 328 270 393 338
images\114.jpg 1 175 311 248 369
images\114.jpg 2 238 196 305 256
images\115.jpg 0 111 279 189 339
images\115.jpg 1 218 314 298 375
images\115.jpg 2 244 202 310 257
images\116.jpg 0 178 218 244 265
images\116.jpg 1 286 282 349 344
images\116.jpg 2 22 329 106 383
images\117.jpg 0 178 214 243 270
images\117.jpg 1 258 284 321 334
images\117.jpg 2 140 325 212 383
images\118.jpg 0 174 221 249 269
images\118.jpg 1 339 218 404 264
images\118.jpg 2 136 324 214 379
images\119.jpg 0 291 284 360 342
images\119.jpg 1 336 217 401 268
images\119.jpg 2 137 323 206 380
images\120.jpg 0 234 354 303 406
images\120.jpg 1 339 218 409 273
images\120.jpg 2 130 324 208 381
images\121.jpg 0 287 282 347 335
images\121.jpg 1 337 215 403 268
images\121.jpg 2 132 324 210 379
images\122.jpg 0 37 285 119 345
images\122.jpg 1 337 214 405 267
images\122.jpg 2 142 304 215 362
images\123.jpg 0 38 288 107 339
images\123.jpg 1 335 214 411 274
images\123.jpg 2 241 250 314 314
images\124.jpg 0 129 266 203 327
images\124.jpg 1 339 211 409 268
images\124.jpg 2 255 253 333 303
images\125.jpg 0 223 235 308 289
images\125.jpg 1 340 209 409 275
images\125.jpg 2 125 271 194 322
images\126.jpg 0 287 276 359 333
images\126.jpg 1 337 207 404 266
images\126.jpg 2 123 273 194 321
images\127.jpg 0 210 263 282 326
images\127.jpg 1 332 213 405 272
images\127.jpg 2 121 275 185 324
images\128.jpg 0 295 287 368 343
images\128.jpg 1 333 213 402 267
images\128.jpg 2 123 271 193 329
images\129.jpg 0 29 283 100 340
images\129.jpg 1 257 250 326 312
images\129.jpg 2 127 272 189 318
images\130.jpg 0 382 268 449 334
images\130.jpg 1 253 260 323 314
images\130.jpg 2 125 274 190 325
images\131.jpg 0 241 333 307 391
images\131.jpg 1 259 262 329 317
images\131.jpg 2 122 275 194 327
images\132.jpg 0 368 233 439 283
images\132.jpg 1 254 258 326 312
images\132.jpg 2 128 259 196 307
images\133.jpg 0 367 233 435 293
images\133.jpg 1 122 328 203 380
images\133.jpg 2 128 219 211 284
images\134.jpg 0 238 260 300 319
images\134.jpg 1 122 322 200 379
images\134.jpg 2 134 219 201 283
images\135.jpg 0 234 260 299 324
images\135.jpg 1 336 266 404 326
images\135.jpg 2 134 218 200 279
images\136.jpg 0 233 260 297 324
images\136.jpg 1 212 358 272 416
images\136.jpg 2 134 218 205 277
images\137.jpg 0 235 257 302 329
images\137.jpg 1 394 268 458 324
images\137.jpg 2 138 223 205 277
images\138.jpg 0 302 277 369 343
images\138.jpg 1 394 274 458 332
images\138.jpg 2 133 223 199 276
images\139.jpg 0 133 319 204 376
images\139.jpg 1 388 269 459 329
images\139.jpg 2 135 221 202 280
images\140.jpg 0 134 324 209 375
images\140.jpg 1 278 278 338 331
images\140.jpg 2 131 224 203 276
images\141.jpg 0 313 285 368 345
images\141.jpg 1 237 264 298 314
images\141.jpg 2 137 219 207 282
images\142.jpg 0 315 285 368 344
images\142.jpg 1 65 316 138 370
images\142.jpg 2 136 220 204 275
images\143.jpg 0 184 293 249 351
images\143.jpg 1 65 320 140 377
images\143.jpg 2 133 213 201 264
images\144.jpg 0 354 261 413 323
images\144.jpg 1 127 323 197 382
images\144.jpg 2 140 219 207 285
images\145.jpg 0 233 280 296 339
images\145.jpg 1 120 325 195 378
images\145.jpg 2 130 216 206 274
images\146.jpg 0 233 275 289 341
images\146.jpg 1 339 272 395 335
images\146.jpg 2 131 214 203 280
images\147.jpg 0 102 301 175 354
images\147.jpg 1 342 278 396 339
images\147.jpg 2 135 217 200 274
images\148.jpg 0 102 300 178 358
images\148.jpg 1 337 275 404 337
images\148.jpg 2 219 267 281 323
images\149.jpg 0 105 302 176 357
images\149.jpg 1 310 212 371 263
images\149.jpg 2 306 316 370 376
images\150.jpg 0 144 276 206 330
images\150.jpg 1 306 214 374 264
images\150.jpg 2 234 347 302 404
images\151.jpg 0 200 201 276 250
images\151.jpg 1 355 185 420 240
images\151.jpg 2 232 343 298 407
images\152.jpg 0 208 198 275 249
images\152.jpg 1 359 186 419 249
images\152.jpg 2 51 299 132 355
images\153.jpg 0 338 298 401 362
images\153.jpg 1 359 183 419 244
images\153.jpg 2 57 300 138 355
images\154.jpg 0 188 290 258 354
images\154.jpg 1 354 184 416 243
images\154.jpg 2 49 297 141 356
images\155.jpg 0 366 293 434 361
images\155.jpg 1 354 183 418 239
images\155.jpg 2 58 299 133 349
images\156.jpg 0 179 291 244 348
images\156.jpg 1 285 245 337 295
images\156.jpg 2 131 207 199 253
images\157.jpg 0 243 122 311 166
images\157.jpg 1 209 240 273 289
images\157.jpg 2 95 240 167 295
images\158.jpg 0 173 223 240 276
images\158.jpg 1 91 143 142 190
images\158.jpg 2 228 284 299 336
images\159.jpg 0 79 206 137 255
images\159.jpg 1 216 296 284 355
images\159.jpg 2 290 235 345 292
images\160.jpg 0 314 234 377 290
images\160.jpg 1 172 143 231 185
images\160.jpg 2 92 319 166 382
images\161.jpg 0 282 209 353 251
images\161.jpg 1 120 255 182 311
images\161.jpg 2 188 130 253 182
images\162.jpg 0 211 197 277 253
images\162.jpg 1 303 279 385 335
images\162.jpg 2 78 260 153 316
images\163.jpg 0 276 230 336 289
images\163.jpg 1 204 134 264 193
images\163.jpg 2 334 136 386 197
images\164.jpg 0 273 232 332 300
images\164.jpg 1 278 153 331 206
images\164.jpg 2 266 325 328 385
images\165.jpg 0 268 231 328 282
images\165.jpg 1 161 340 226 386
images\165.jpg 2 198 136 258 188
images\166.jpg 0 401 255 476 301
images\166.jpg 1 150 285 206 342
images\166.jpg 2 285 263 347 320
images\167.jpg 0 175 335 244 394
images\167.jpg 1 289 285 352 346
images\167.jpg 2 169 193 236 242
images\168.jpg 0 288 161 336 223
images\168.jpg 1 193 218 248 274
images\168.jpg 2 151 293 213 352
images\169.jpg 0 184 380 248 433
images\169.jpg 1 197 210 248 276
images\169.jpg 2 324 279 384 353
images\170.jpg 0 356 159 412 224
images\170.jpg 1 194 216 245 263
images\170.jpg 2 255 356 318 420
images\171.jpg 0 323 272 384 324
images\171.jpg 1 191 220 245 267
images\171.jpg 2 263 108 318 154
images\172.jpg 0 321 270 404 326
images\172.jpg 1 216 180 269 234
images\172.jpg 2 137 322 202 378
images\173.jpg 0 359 160 420 222
images\173.jpg 1 210 177 271 233
images\173.jpg 2 320 297 381 360
images\174.jpg 0 196 329 257 382
images\174.jpg 1 213 174 263 221
images\174.jpg 2 319 303 381 366
images\175.jpg 0 198 322 252 379
images\175.jpg 1 361 300 422 354
images\175.jpg 2 352 156 407 202
images\176.jpg 0 283 218 341 265
images\176.jpg 1 145 146 210 197
images\176.jpg 2 143 242 204 291
images\177.jpg 0 328 212 378 267
images\177.jpg 1 220 304 280 364
images\177.jpg 2 286 113 338 162
images\178.jpg 0 321 214 374 271
images\178.jpg 1 263 99 314 134
images\178.jpg 2 160 196 220 248
images\179.jpg 0 336 218 404 268
images\179.jpg 1 235 313 288 358
images\179.jpg 2 146 219 205 283
images\180.jpg 0 235 180 287 228
images\180.jpg 1 235 117 283 147
images\180.jpg 2 243 279 299 338
images\181.jpg 0 376 191 429 242
images\181.jpg 1 150 203 214 254
images\181.jpg 2 267 155 314 206
images\182.jpg 0 373 290 435 350
images\182.jpg 1 127 321 198 379
images\182.jpg 2 261 277 323 337
images\183.jpg 0 315 184 382 231
images\183.jpg 1 205 371 280 425
images\183.jpg 2 247 256 320 314
images\184.jpg 0 263 271 323 315
images\184.jpg 1 260 107 316 141
images\184.jpg 2 255 184 317 229
images\185.jpg 0 215 257 277 308
images\185.jpg 1 293 137 342 181
images\185.jpg 2 323 237 380 297
images\186.jpg 0 185 196 238 260
images\186.jpg 1 307 179 370 246
images\186.jpg 2 232 280 295 345
images\187.jpg 0 146 258 214 319
images\187.jpg 1 353 273 406 330
images\187.jpg 2 236 287 292 342
images\188.jpg 0 205 272 268 342
images\188.jpg 1 349 273 414 327
images\188.jpg 2 272 180 324 237
images\189.jpg 0 167 186 229 243
images\189.jpg 1 346 260 410 323
images\189.jpg 2 249 304 306 356
images\190.jpg 0 195 278 254 340
images\190.jpg 1 354 270 406 332
images\190.jpg 2 270 147 326 192
images\191.jpg 0 236 284 301 349
images\191.jpg 1 349 187 409 243
images\191.jpg 2 185 146 248 218
images\192.jpg 0 239 288 298 341
images\192.jpg 1 349 207 403 250
images\192.jpg 2 236 175 285 233
images\193.jpg 0 272 348 337 401
images\193.jpg 1 216 238 276 302
images\193.jpg 2 270 160 316 213
images\194.jpg 0 236 293 290 351
images\194.jpg 1 330 285 390 346
images\194.jpg 2 118 303 174 368
images\195.jpg 0 151 223 219 286
images\195.jpg 1 326 313 381 376
images\195.jpg 2 200 302 256 352
images\196.jpg 0 207 335 271 392
images\196.jpg 1 313 313 374 373
images\196.jpg 2 236 233 294 291
images\197.jpg 0 243 216 298 278
images\197.jpg 1 312 280 367 338
images\197.jpg 2 184 309 242 364
images\198.jpg 0 182 281 241 337
images\198.jpg 1 312 287 364 342
images\198.jpg 2 232 198 288 256
images\199.jpg 0 310 363 373 414
images\199.jpg 1 314 283 366 330
images\199.jpg 2 316 208 358 252
images\200.jpg 0 212 387 274 434
images\200.jpg 1 215 300 275 349
images\200.jpg 2 216 219 267 270
images\201.jpg 0 208 301 269 365
images\201.jpg 1 325 287 375 334
images\201.jpg 2 267 217 313 260
images\202.jpg 0 204 302 262 356
images\202.jpg 1 321 284 378 336
images\202.jpg 2 211 221 265 264
images\203.jpg 0 190 265 244 311
images\203.jpg 1 285 258 334 315
images\203.jpg 2 371 261 426 308
images\204.jpg 0 276 330 331 385
images\204.jpg 1 289 263 338 317
images\204.jpg 2 286 201 335 247
images\205.jpg 0 316 288 377 354
images\205.jpg 1 244 295 302 358
images\205.jpg 2 162 303 228 370
images\206.jpg 0 332 287 386 340
images\206.jpg 1 251 348 302 399
images\206.jpg 2 257 232 296 285
images\207.jpg 0 163 296 225 347
images\207.jpg 1 359 288 412 340
images\207.jpg 2 258 363 307 399
images\208.jpg 0 304 206 349 248
images\208.jpg 1 194 313 240 353
images\208.jpg 2 318 335 376 386
images\209.jpg 0 161 298 229 338
images\209.jpg 1 258 330 308 369
images\209.jpg 2 325 270 376 319
images\210.jpg 0 249 284 304 332
images\210.jpg 1 362 314 406 363
images\210.jpg 2 194 226 241 266
images\211.jpg 0 356 243 400 285
images\211.jpg 1 232 328 285 374
images\211.jpg 2 228 216 271 255
images\212.jpg 0 231 325 287 372
images\212.jpg 1 355 305 399 358
images\212.jpg 2 305 198 354 237
images\213.jpg 0 375 261 413 300
images\213.jpg 1 296 313 334 350
images\213.jpg 2 293 202 333 252
images\214.jpg 0 263 281 323 341
images\214.jpg 1 70 336 134 406
images\214.jpg 2 94 224 149 274
images\215.jpg 0 257 300 315 361
images\215.jpg 1 376 323 439 377
images\215.jpg 2 83 267 149 309
images\216.jpg 0 350 299 412 346
images\216.jpg 1 247 208 292 252
images\216.jpg 2 114 312 175 358
images\217.jpg 0 354 295 405 350
images\217.jpg 1 349 190 390 225
images\217.jpg 2 239 321 298 361
images\218.jpg 0 132 333 193 386
images\218.jpg 1 102 244 170 293
images\218.jpg 2 305 286 348 327
images\219.jpg 0 343 184 388 231
images\219.jpg 1 148 289 206 335
images\219.jpg 2 301 291 354 332
images\220.jpg 0 150 333 215 371
images\220.jpg 1 233 188 279 232
images\220.jpg 2 350 311 398 351
images\221.jpg 0 351 347 403 401
images\221.jpg 1 348 222 393 262
images\221.jpg 2 430 295 483 335
images\222.jpg 0 227 238 280 299
images\222.jpg 1 356 227 410 280
images\222.jpg 2 98 351 165 406
images\223.jpg 0 244 291 296 350
images\223.jpg 1 372 225 419 274
images\223.jpg 2 383 347 432 400
images\224.jpg 0 233 365 287 425
images\224.jpg 1 73 277 124 323
images\224.jpg 2 65 362 118 414
images\225.jpg 0 234 370 286 418
images\225.jpg 1 297 260 347 315
images\225.jpg 2 390 344 444 399
images\226.jpg 0 214 294 265 347
images\226.jpg 1 273 184 313 234
images\226.jpg 2 323 293 375 339
images\227.jpg 0 293 321 344 379
images\227.jpg 1 272 184 315 230
images\227.jpg 2 52 366 118 418
images\228.jpg 0 429 275 477 339
images\228.jpg 1 348 182 396 238
images\228.jpg 2 322 305 375 354
images\229.jpg 0 368 315 417 373
images\229.jpg 1 250 223 293 278
images\229.jpg 2 140 311 194 366
images\230.jpg 0 168 309 223 365
images\230.jpg 1 236 231 283 290
images\230.jpg 2 278 318 330 372
images\231.jpg 0 326 225 366 279
images\231.jpg 1 161 331 214 383
images\231.jpg 2 273 323 326 377
images\232.jpg 0 213 240 265 291
images\232.jpg 1 318 235 362 290
images\232.jpg 2 318 324 366 378
images\233.jpg 0 417 271 469 329
images\233.jpg 1 316 236 363 288
images\233.jpg 2 328 326 383 384
images\234.jpg 0 78 324 146 374
images\234.jpg 1 316 235 365 298
images\234.jpg 2 184 360 239 414
images\235.jpg 0 310 247 357 301
images\235.jpg 1 154 291 207 346
images\235.jpg 2 249 346 298 397
images\236.jpg 0 310 245 359 305
images\236.jpg 1 312 178 354 225
images\236.jpg 2 314 313 363 368
images\237.jpg 0 242 275 288 330
images\237.jpg 1 342 218 387 274
images\237.jpg 2 353 325 407 377
images\238.jpg 0 341 328 398 385
images\238.jpg 1 335 212 379 270
images\238.jpg 2 236 283 284 336
images\239.jpg 0 337 181 386 240
images\239.jpg 1 337 327 390 377
images\239.jpg 2 231 284 279 337
images\240.jpg 0 327 202 370 264
images\240.jpg 1 226 276 274 331
images\240.jpg 2 335 319 383 379
images\241.jpg 0 333 325 378 381
images\241.jpg 1 225 279 271 326
images\241.jpg 2 330 180 375 234
images\242.jpg 0 339 265 387 323
images\242.jpg 1 95 313 156 365
images\242.jpg 2 207 216 256 267
images\243.jpg 0 340 270 389 327
images\243.jpg 1 182 387 236 443
images\243.jpg 2 212 152 254 208
images\244.jpg 0 214 311 269 361
images\244.jpg 1 350 278 400 333
images\244.jpg 2 211 155 255 211
images\245.jpg 0 304 132 350 191
images\245.jpg 1 387 287 441 343
images\245.jpg 2 98 301 159 349
images\246.jpg 0 285 273 327 328
images\246.jpg 1 180 271 234 319
images\246.jpg 2 388 274 437 324
images\247.jpg 0 345 282 395 337
images\247.jpg 1 99 339 160 387
images\247.jpg 2 124 217 179 267
images\248.jpg 0 382 343 437 397
images\248.jpg 1 370 243 417 301
images\248.jpg 2 364 160 408 206
images\249.jpg 0 148 271 205 325
images\249.jpg 1 269 360 318 409
images\249.jpg 2 125 168 171 220
images\250.jpg 0 373 300 425 355
images\250.jpg 1 168 292 221 353
images\250.jpg 2 238 152 284 205
images\251.jpg 0 304 261 347 315
images\251.jpg 1 236 356 290 408
images\251.jpg 2 364 162 412 220
images\252.jpg 0 197 292 251 347
images\252.jpg 1 34 353 110 407
images\252.jpg 2 90 194 152 250
images\253.jpg 0 300 351 357 412
images\253.jpg 1 403 246 453 300
images\253.jpg 2 339 125 391 186
images\254.jpg 0 145 264 202 323
images\254.jpg 1 319 348 371 410
images\254.jpg 2 409 280 465 331
images\255.jpg 0 250 331 304 386
images\255.jpg 1 114 326 174 374
images\255.jpg 2 62 206 118 263
images\256.jpg 0 246 326 296 382
images\256.jpg 1 366 380 422 434
images\256.jpg 2 353 252 399 305
images\257.jpg 0 395 121 436 186
images\257.jpg 1 201 353 254 409
images\257.jpg 2 351 252 400 304
images\258.jpg 0 242 160 286 216
images\258.jpg 1 285 322 332 375
images\258.jpg 2 372 246 421 299
images\259.jpg 0 366 319 426 384
images\259.jpg 1 201 225 250 276
images\259.jpg 2 354 221 399 277
images\260.jpg 0 194 311 264 374
images\260.jpg 1 166 149 225 206
images\260.jpg 2 395 268 451 319
images\261.jpg 0 205 361 265 407
images\261.jpg 1 92 233 158 284
images\261.jpg 2 281 188 326 240
images\262.jpg 0 222 322 278 386
images\262.jpg 1 388 293 445 352
images\262.jpg 2 341 104 383 159
images\263.jpg 0 330 250 380 306
images\263.jpg 1 289 333 342 387
images\263.jpg 2 150 336 213 389
images\264.jpg 0 369 296 432 360
images\264.jpg 1 293 197 349 249
images\264.jpg 2 290 358 348 417
images\265.jpg 0 161 245 227 313
images\265.jpg 1 265 264 322 326
images\265.jpg 2 207 342 257 395
images\266.jpg 0 119 313 181 369
images\266.jpg 1 217 341 283 411
images\266.jpg 2 336 316 390 381
images\267.jpg 0 220 342 280 403
images\267.jpg 1 347 336 403 397
images\267.jpg 2 205 237 268 298
images\268.jpg 0 230 351 293 412
images\268.jpg 1 276 210 327 271
images\268.jpg 2 327 315 383 379
images\269.jpg 0 221 206 272 260
images\269.jpg 1 365 285 415 336
images\269.jpg 2 248 361 306 427
images\270.jpg 0 191 265 255 330
images\270.jpg 1 349 261 409 327
images\270.jpg 2 272 374 325 435
images\271.jpg 0 331 188 394 251
images\271.jpg 1 343 306 398 371
images\271.jpg 2 257 267 321 332
images\272.jpg 0 71 246 138 308
images\272.jpg 1 123 348 188 403
images\272.jpg 2 212 256 262 315
images\273.jpg 0 373 274 429 331
images\273.jpg 1 284 317 334 371
images\273.jpg 2 341 159 393 218
images\274.jpg 0 317 310 377 373
images\274.jpg 1 199 218 257 282
images\274.jpg 2 221 312 285 371
images\275.jpg 0 409 359 485 436
images\275.jpg 1 240 215 292 276
images\275.jpg 2 301 355 360 428
images\276.jpg 0 257 208 313 269
images\276.jpg 1 322 280 387 359
images\276.jpg 2 221 328 286 394
images\277.jpg 0 257 339 323 399
images\277.jpg 1 117 322 182 375
images\277.jpg 2 166 404 229 469
images\278.jpg 0 301 182 361 249
images\278.jpg 1 392 242 447 308
images\278.jpg 2 329 302 401 376
images\279.jpg 0 180 223 241 288
images\279.jpg 1 296 299 364 373
images\279.jpg 2 289 231 347 291
images\280.jpg 0 367 286 435 352
images\280.jpg 1 313 390 382 460
images\280.jpg 2 189 358 254 417
images\281.jpg 0 139 233 209 294
images\281.jpg 1 130 337 202 392
images\281.jpg 2 243 263 301 328
images\282.jpg 0 179 210 244 269
images\282.jpg 1 180 336 248 405
images\282.jpg 2 249 263 312 330
images\283.jpg 0 110 255 185 318
images\283.jpg 1 319 266 371 325
images\283.jpg 2 199 280 265 348
images\284.jpg 0 200 340 267 402
images\284.jpg 1 322 265 373 324
images\284.jpg 2 188 209 246 265
images\285.jpg 0 199 225 263 278
images\285.jpg 1 321 265 370 322
images\285.jpg 2 231 313 285 371
images\286.jpg 0 223 315 278 373
images\286.jpg 1 318 263 368 324
images\286.jpg 2 238 208 289 270
images\287.jpg 0 266 409 327 480
images\287.jpg 1 395 353 464 423
images\287.jpg 2 143 288 213 343
images\288.jpg 0 126 374 197 437
images\288.jpg 1 108 215 177 278
images\288.jpg 2 224 329 286 395
images\289.jpg 0 228 272 286 337
images\289.jpg 1 348 302 406 375
images\289.jpg 2 352 188 401 244
images\290.jpg 0 255 132 312 193
images\290.jpg 1 195 296 254 361
images\290.jpg 2 177 201 228 253
images\291.jpg 0 343 151 395 211
images\291.jpg 1 390 235 440 293
images\291.jpg 2 311 294 373 355
images\292.jpg 0 94 242 156 299
images\292.jpg 1 204 252 258 308
images\292.jpg 2 170 338 239 395
images\293.jpg 0 347 346 406 402
images\293.jpg 1 363 199 416 251
images\293.jpg 2 230 304 283 367
images\294.jpg 0 103 306 164 363
images\294.jpg 1 122 216 178 270
images\294.jpg 2 252 187 295 245
images\295.jpg 0 235 339 296 401
images\295.jpg 1 347 326 401 387
images\295.jpg 2 288 229 337 290
images\296.jpg 0 154 338 217 396
images\296.jpg 1 245 285 296 341
images\296.jpg 2 174 232 230 296
images\297.jpg 0 153 343 215 389
images\297.jpg 1 251 240 298 297
images\297.jpg 2 277 347 342 413
images\298.jpg 0 223 253 276 313
images\298.jpg 1 175 361 238 419
images\298.jpg 2 289 350 342 409
images\299.jpg 0 161 346 226 399
images\299.jpg 1 245 238 292 294
images\299.jpg 2 287 348 343 404
images\300.jpg 0 163 342 223 404
images\300.jpg 1 259 398 309 460
images\300.jpg 2 297 242 349 298
